0 0 1 0 3 0 3 1 4 1 4 2 4 2 4 3 3 3 3 3 1 3 1 2 0 2 0 1 0 1 0 0 1 0 4 3 0
1 0 3 1 4 1 4 1 0
2 0 3 1 4 1 4 2 4 2 4 3 3 3 3 0 0 0 0 3 0
3 0 3 1 4 1 4 2 4 2 4 3 3 3 3 2 2 1 2 3 2 3 2 3 0 3 0 1 0 1 0 0 1
4 2 0 2 3 3 2 0 2 0 2 2 4
5 3 3 3 4 3 4 0 4 0 4 0 2 0 2 2 2 2 2 3 1 3 1 2 0 2 0 0 0
6 3 3 2 4 2 4 1 4 1 4 0 3 0 3 0 1 0 1 1 0 1 0 2 0 2 0 3 1 3 1 2 2 2 2 0 2
7 0 3 0 4 0 4 3 4 3 4 3 3 3 3 0 0
8 1 0 2 0 2 0 3 1 3 1 2 2 2 2 0 2 0 2 0 1 0 1 1 0 3 2 3 3 3 3 2 4 2 4 1 4 1 4 0 3 0 3 1 2 1 2 3 2
9 3 4 3 0 3 3 2 4 2 4 1 4 1 4 0 3 0 3 1 2 1 2 3 2
- 0 2 1 2
_ 0 0 3 0
$ 0 1 1 0 1 0 2 0 2 0 3 1 3 1 0 3 0 3 1 4 1 4 2 4 2 4 3 3 1 5 1 -1 2 5 2 -1
@ 2 1 1 2 1 2 2 3 2 3 2 1 2 1 3 2 3 2 3 3 3 3 2 4 2 4 1 4 1 4 0 3 0 3 0 1 0 1 1 0 1 0 2 0 2 0 3 1
# 1 4 1 1 2 4 2 1 0 3 3 3 0 2 3 2
* 0 1 3 4 1.5 1 1.5 4 0 2.5 3 2.5 0 4 3 1
& 3 0 1 3 1 3 2 4 2 4 3 3 3 3 0 1 0 1 1 0 1 0 2 0 2 0 3 2
? 0 3 1 4 1 4 2 4 2 4 3 3 3 3 3 2 3 2 1.5 2 1.5 2 1.5 1 1.5 0 1.5 0
A 0 0 0 3 0 3 1 4 1 4 2 4 2 4 3 3 3 3 3 0 3 2 0 2
a 0 2 1 3 1 3 2 2 2 2 2 0 2 1 1 0 1 0 0 0 0 0 0 1 0 1 2 2
B 0 0 0 4 0 4 2 4 2 4 3 3 3 3 2 2 2 2 3 1 3 1 2 0 2 0 0 0 0 2 2 2
b 0 0 0 4 0 0 1 0 1 0 2 1 2 1 1 2 1 2 0 2
C 3 4 1 4 1 4 0 3 0 3 0 1 0 1 1 0 1 0 3 0
c 2 2 1 2 1 2 0 1 0 1 1 0 1 0 2 0
D 0 0 2 0 2 0 3 2 3 2 2 4 2 4 0 4 0 4 0 0
d 2 4 2 0 2 2 1 2 1 2 0 1 0 1 1 0 1 0 2 1
E 0 0 3 0 0 0 0 4 0 4 3 4 0 2 2 2
e 2 1 1 0 1 0 0 1 0 1 0 2 0 2 1 3 1 3 2 2 2 2 0 2
F 0 0 0 4 0 4 3 4 0 2 2 2
f 0 0 0 3 0 3 1 4 1 4 2 3 -0.5 2 1 2
I 0 0 2 0 0 4 2 4 1 0 1 4
i 0 0 0 2 0 3 0 3
J 0 4 3 4 2 4 2 1 2 1 1 0 1 0 0 1
j 1 3 1 3 1 2 1 0 1 0 0 -1
K 0 0 0 4 0 2 1 2 1 2 3 4 1 2 3 0
k 0 0 0 4 0 1 1 1 1 1 2 2 1 1 2 0
L 0 4 0 0 0 0 3 0
l 0 0 0 4
O 0 1 0 3 0 3 1 4 1 4 2 4 2 4 3 3 3 3 3 1 3 1 2 0 2 0 1 0 1 0 0 1
o 0 0 0 2 0 2 1 2 1 2 1 0 1 0 0 0
R 0 0 0 4 0 4 2 4 2 4 3 3 3 3 2 2 2 2 0 2 2 2 3 0
r 0 0 0 2 0 1 1 2 1 2 2 1
U 0 4 0 1 0 1 1 0 1 0 2 0 2 0 3 1 3 1 3 4
u 0 2 0 0 0 0 1 1 1 2 1 0
V 0 4 0 3 0 3 1.5 0 1.5 0 3 3 3 3 3 4
v 0 2 1 0 1 0 2 2
W 0 4 0.5 0 0.5 0 1.5 2 1.5 2 2.5 0 2.5 0 3 4
w 0 2 0 0 0 0 1 1 1 1 2 0 2 0 2 2
X 0 0 3 4 3 0 0 4
x 0 0 2 2 2 0 0 2
Y 0 4 1.5 2.5 1.5 2.5 1.5 0 1.5 2.5 3 4
y 0 2 0 1 0 1 1 0 1 0 2 1 2 1 2 2 2 1 2 -1 2 -1 1 -2 1 -2 0 -2
Z 0 4 3 4 3 4 0 0 0 0 3 0
z 0 2 2 2 2 2 0 0 0 0 2 0
